Seed: 38, Solution: Path: [768,625,290,382,601,564,812,35,1046,246,456,464,262,837,193,770,257,935,305,1060,924,358,650,718,261,895,782,673,892,477,245,740,322,606,823,694,678,695,900,181,145,332,345,872,858,638,430,121,717,654,269,158,366,447,576,222,114,848,839,280,431,1069,574,400,463,281,79,111,508,519,899,1006,611,897,1022,797,484,844,95,829,639,719,832,233,278,9,433,34,860,371,419,213,308,957,185,266,1087,591,1077,473,133,759,469,369,991,256,1010,333,149,63,279,981,1079,319,33,449,598,626,223,43,526,593,159,1070,399,303,978,915,6,877,235,52,940,69,943,792,346,470,203,644,142,365,492,1085,710,255,138,406,863,735,40,372,317,50,83,407,1063,113,258,906,853,242,1034,334,890,871,1090,123,741,999,796,1082,323,995,615,621,90,817,62,1091,893,766,1012,562,347,272,1016,964,499,880,441,910,1025,141,414,415,1083,922,285,231,697,543,422,876,452,104,840,777,757,46,980,297,438,408,1001,74,822,115,221,86,93,263,1048,1002,180,772,541,10,773,475,275,298,973,970,73,637,627,412,920,44,151,107,12,675,520,722,1031,339,137,324,360,359,529,299,302,1009,854,395,785,690,156,423,189,453,289,341,1043,996,1037,814,781,177,398,1062,109,342,803,119,743,761,546,94,992,494,955,701,552,480,454,780,923,1011,700,313,1067,1072,865,711,575,630,212,916,620,101,681,565,404,679,582,234,960,326,628,881,535,1057,1008,478,442,13,503,243,437,583,515,410,498,669,310,39,194,497,568,545,462,337,117,534,566,664,936,830], Cost: 0.199617, Feasible: {}
seed 38 ---> 14.386028419s seconds.

Seed: 75, Solution: Path: [650,358,280,839,34,114,892,245,477,848,895,261,718,782,673,433,431,1069,574,400,924,281,463,9,79,111,508,233,278,484,95,844,797,1022,897,611,829,639,719,832,1006,899,519,1060,305,935,770,246,796,999,334,141,922,231,722,1031,339,137,360,359,920,412,627,637,73,970,973,298,275,773,10,541,263,475,1009,93,302,221,115,299,529,44,151,107,12,324,675,520,346,792,943,69,470,940,52,235,142,1016,499,964,615,995,323,1082,456,262,257,193,837,464,1046,35,812,601,768,1025,890,1090,871,625,290,382,564,123,741,910,407,441,880,621,347,817,877,303,978,6,159,1070,915,399,133,957,308,269,419,371,860,322,740,222,606,823,694,678,695,900,181,145,345,872,430,638,858,332,121,654,576,447,366,158,717,213,185,266,1087,591,1077,473,759,469,981,369,991,256,1079,319,33,449,1010,333,598,279,63,149,626,223,43,593,526,1091,62,562,766,893,1012,90,644,203,272,365,492,1085,710,255,138,40,735,406,863,317,50,372,83,258,906,242,415,414,1034,113,1063,853,1083,285,697,104,840,777,452,543,422,876,757,46,297,980,438,408,1001,74,822,86,854,395,1048,772,180,1002,189,453,423,690,785,156,289,341,1043,996,1037,814,398,1062,109,342,803,119,743,761,94,546,177,781,960,234,326,628,582,679,881,565,404,992,681,101,212,916,620,478,442,535,13,1008,1057,503,243,437,583,515,410,630,545,575,711,1072,1067,700,1011,494,955,701,552,480,454,780,923,313,865,462,337,117,534,566,664,310,497,498,568,669,39,936,194,830], Cost: 0.198382, Feasible: {}
seed 75 ---> 15.911755233s seconds.

Seed: 133, Solution: Path: [830,534,566,117,337,462,865,1072,1011,700,313,1067,923,780,454,480,552,701,955,494,565,404,679,582,234,781,177,814,1037,996,1062,109,398,395,1048,854,1009,93,86,74,1001,822,115,529,151,107,12,324,359,360,137,339,1031,722,231,285,415,242,1034,334,910,741,999,564,123,1090,890,871,625,382,290,414,141,1025,768,601,812,35,796,1046,464,837,193,935,257,770,262,246,456,1082,323,995,615,347,62,1091,303,978,6,593,43,223,626,149,63,279,598,333,1010,449,33,319,1079,256,759,133,473,1077,591,1087,185,308,419,269,158,576,366,447,371,860,114,34,433,839,280,400,431,1069,574,924,79,111,508,519,899,1006,611,897,1022,797,484,844,95,829,639,719,832,233,278,9,463,281,477,222,740,322,245,892,848,782,673,895,261,718,650,358,1060,305,893,766,1012,562,817,90,272,1016,964,499,621,880,441,407,113,1063,83,258,906,853,1083,922,697,104,840,777,452,543,422,876,757,46,980,297,438,408,920,412,627,637,73,970,973,298,275,773,475,263,10,541,772,180,1002,189,453,423,690,785,156,289,341,1043,960,326,628,881,535,1057,1008,13,442,503,478,243,437,583,515,410,498,497,194,936,39,310,664,669,568,630,545,711,575,212,620,916,101,681,992,94,546,761,342,803,119,743,302,221,299,44,675,520,346,792,943,69,470,52,940,138,406,863,735,40,372,317,50,255,710,1085,492,365,142,203,644,235,877,526,399,915,159,1070,981,469,991,369,266,957,213,717,654,606,823,694,678,695,900,181,145,345,872,430,638,858,121,332], Cost: 0.198046, Feasible: {}
seed 133 ---> 18.643383882s seconds.

Seed: 84, Solution: Path: [289,156,690,785,1048,541,263,1009,93,743,119,803,761,94,546,177,109,1062,398,814,1037,996,1043,341,395,854,10,773,772,1002,189,453,423,180,475,275,298,973,970,73,637,627,1001,74,408,438,297,980,46,757,876,422,543,777,452,840,104,922,415,1063,113,880,347,817,526,593,159,133,308,213,717,158,269,419,782,673,892,34,860,114,322,740,222,606,823,694,678,695,900,181,145,345,858,638,332,121,430,872,654,576,366,447,371,650,358,280,431,839,433,895,718,261,848,245,477,1069,574,400,924,281,463,9,278,233,832,719,639,829,95,844,484,797,1022,897,611,1006,899,519,508,111,79,1060,305,935,257,770,837,193,262,464,246,456,1082,796,999,741,441,407,910,334,1025,141,414,242,906,258,1034,890,1090,123,564,871,625,290,382,768,601,812,35,1046,323,995,615,621,499,964,1016,272,142,203,940,52,69,943,792,346,470,235,877,223,626,43,149,63,279,598,333,1010,449,33,319,1079,256,991,369,591,1077,1087,957,185,266,473,759,469,981,1070,6,399,915,978,303,1091,62,562,893,766,1012,90,644,365,492,1085,710,255,138,406,863,735,40,372,317,50,83,853,1083,285,697,231,722,1031,360,359,137,339,675,520,324,12,107,151,44,529,299,221,115,822,86,920,412,302,342,781,960,234,326,628,582,679,881,535,437,243,478,503,442,13,1008,1057,620,916,583,515,410,498,936,497,568,630,545,575,681,1072,1067,313,700,923,780,454,1011,480,552,701,955,494,992,565,404,101,212,711,865,462,337,117,534,566,664,310,669,39,194,830], Cost: 0.197937, Feasible: {}
seed 84 ---> 21.532977838s seconds.

Seed: 0, Solution: Path: [830,936,39,194,497,498,410,575,212,101,681,546,94,761,1062,398,109,342,803,119,743,302,970,10,263,541,773,475,275,298,973,73,637,627,412,920,299,529,44,151,107,12,324,675,520,346,792,943,69,470,940,52,235,142,272,964,499,621,880,441,407,910,1034,242,415,922,414,141,1025,768,601,382,290,625,871,334,890,1090,123,564,812,35,1046,796,999,741,1082,456,246,464,837,193,935,257,770,262,323,995,615,710,255,40,735,863,406,138,365,203,644,90,817,62,1091,303,978,399,1070,759,469,369,991,256,1079,319,33,449,121,332,181,145,345,858,638,430,872,654,576,222,114,892,848,433,895,782,673,34,860,371,447,366,158,717,213,591,1077,133,159,915,6,593,526,877,626,223,43,149,63,598,333,1010,279,981,473,1087,266,185,957,308,269,419,718,261,650,358,924,281,463,9,484,797,1022,844,95,639,719,832,233,278,1069,574,400,280,839,431,477,245,740,322,900,695,678,694,823,606,829,897,611,1006,899,519,508,111,79,1060,305,893,766,1012,562,347,1016,492,1085,50,317,372,83,1063,113,258,906,853,1083,285,840,777,543,422,876,46,980,438,297,757,452,104,697,231,722,1031,339,137,360,359,408,1001,74,822,115,221,86,93,1009,854,1048,772,180,1002,189,423,453,289,156,690,785,395,341,1043,996,1037,814,177,781,960,234,326,628,582,679,881,535,1008,13,442,503,478,243,437,515,583,916,620,1057,404,565,992,494,955,701,552,480,1011,313,923,780,454,700,1067,1072,711,865,462,337,117,534,566,664,310,669,568,630,545], Cost: 0.196730, Feasible: {}
seed 0 ---> 22.027129768s seconds.

Seed: 123, Solution: Path: [830,534,117,337,566,664,310,669,568,936,39,194,497,498,515,583,410,101,681,992,94,546,761,86,627,637,73,970,93,1009,973,298,275,475,773,10,541,263,854,395,1048,772,180,1002,189,423,453,289,156,690,785,341,1043,996,1037,814,398,109,177,565,404,535,13,1008,442,503,478,243,437,630,545,462,865,313,923,1011,700,1067,780,454,480,552,701,955,494,1072,711,575,212,916,620,1057,881,679,582,628,326,234,960,781,1062,342,803,119,743,302,920,412,74,1001,408,822,115,221,299,529,44,151,107,12,359,360,324,520,675,137,339,1031,722,231,853,242,1034,113,1063,83,372,40,735,863,406,138,1085,964,1016,347,817,133,1077,591,1087,266,369,991,256,1079,319,33,449,121,430,872,858,638,345,332,145,181,900,695,678,694,823,606,654,269,419,782,673,848,433,431,839,1069,400,280,358,650,718,261,895,34,892,477,245,322,740,222,114,860,371,447,366,576,158,717,213,308,957,185,473,759,469,981,279,63,333,1010,598,149,235,470,346,792,943,69,52,940,365,492,710,255,317,50,906,258,415,414,1083,285,697,104,777,876,297,438,980,46,757,422,543,452,840,922,290,382,601,768,625,141,1025,871,890,1090,564,123,334,910,407,441,880,621,499,272,142,203,644,90,877,626,223,43,593,526,1070,159,399,6,915,978,303,1091,62,562,1012,766,893,615,995,323,741,999,796,812,35,1046,1082,456,246,464,262,770,257,193,837,935,305,1060,79,111,9,463,574,924,281,508,519,899,1006,897,611,1022,797,484,844,95,829,639,233,719,832,278], Cost: 0.195773, Feasible: {}
seed 123 ---> 22.965713658s seconds.

Seed: 75, Solution: Path: [477,245,892,114,34,673,782,895,261,718,650,358,280,839,433,848,431,1069,574,400,924,463,281,79,111,508,9,278,233,832,719,639,829,95,844,484,797,1022,897,611,1006,899,519,1060,305,935,257,770,999,871,141,414,922,231,722,1031,339,137,324,360,359,529,221,115,822,86,637,973,298,275,475,773,10,541,263,854,970,73,627,412,920,299,44,151,107,12,675,520,346,792,943,69,470,940,52,235,644,203,142,272,964,499,621,880,995,323,1082,456,262,193,837,464,246,796,741,123,564,1090,890,334,1025,768,625,290,382,601,812,35,1046,615,347,62,1091,303,978,915,6,399,159,1070,133,308,269,419,447,371,860,322,740,222,606,823,694,678,695,900,181,145,332,638,430,121,858,345,872,654,576,366,158,717,213,957,185,266,1087,591,1077,473,369,991,256,1079,759,469,981,319,33,449,1010,333,598,279,63,149,626,223,43,593,526,877,817,562,893,766,1012,90,1016,365,492,1085,710,50,317,255,138,406,863,735,40,372,83,441,910,407,1063,113,258,906,853,242,1034,415,1083,285,697,104,840,777,452,543,422,876,757,46,980,297,438,408,74,1001,302,1009,93,395,1048,772,180,1002,189,453,423,690,785,156,289,341,1043,996,1037,398,342,803,119,743,761,94,546,1062,109,177,814,781,960,234,326,628,582,679,881,565,404,992,681,101,916,583,410,515,437,243,478,503,442,13,1008,535,1057,620,212,575,630,545,711,1072,494,955,701,552,480,454,780,923,1011,700,313,1067,865,462,337,117,534,566,664,310,669,39,936,568,498,497,194,830], Cost: 0.192580, Feasible: {}
seed 75 ---> 23.597611792s seconds.

Seed: 123, Solution: Path: [830,534,117,337,566,664,310,669,568,39,936,194,497,498,515,583,916,101,681,992,94,546,761,86,627,637,73,93,1009,970,973,298,275,475,773,10,541,263,854,395,1048,772,180,1002,189,423,453,289,156,690,785,341,1043,996,1037,814,398,177,628,565,404,1008,13,442,503,478,243,437,410,630,545,462,865,454,780,923,313,1067,700,1011,480,552,701,955,494,1072,711,575,212,620,1057,535,881,679,582,326,234,960,781,1062,109,342,803,119,743,302,920,412,74,1001,408,822,115,221,299,529,44,151,107,359,360,324,12,520,675,137,339,1031,722,231,415,242,1034,258,113,1063,83,40,735,863,406,138,365,1016,347,399,133,1077,591,1087,185,266,369,991,256,1079,319,33,449,121,430,638,858,872,345,332,145,181,900,695,678,694,823,606,654,576,447,371,860,222,740,322,245,477,431,1069,574,400,280,839,433,848,892,114,34,673,782,895,261,650,718,419,269,366,158,717,213,308,957,473,759,469,981,279,1010,333,598,63,149,626,235,470,346,792,943,69,52,940,492,1085,710,255,50,317,372,906,853,1083,285,697,104,452,543,876,297,438,980,46,757,422,777,840,922,414,141,1025,334,890,1090,871,601,382,290,625,768,564,123,910,407,441,880,621,499,964,272,142,203,644,90,817,877,223,43,526,593,159,1070,6,915,978,303,1091,62,562,1012,766,893,615,995,323,741,999,796,812,35,1046,1082,456,246,464,262,770,257,193,837,935,305,1060,358,924,281,463,9,79,111,508,519,899,1006,611,897,1022,797,484,844,95,829,639,719,832,233,278], Cost: 0.191281, Feasible: {}
seed 123 ---> 40.137771342s seconds.

Seed: 75, Solution: Path: [477,245,892,114,34,673,782,848,433,895,261,718,650,358,280,400,574,839,431,1069,924,463,281,79,111,508,9,278,233,832,719,639,829,95,844,484,797,1022,897,611,1006,899,519,1060,305,935,837,1046,35,812,382,290,285,231,722,1031,339,137,324,360,359,529,221,115,822,86,93,263,541,10,773,475,275,298,973,970,73,637,627,412,920,299,44,151,107,12,675,520,346,792,943,69,470,940,52,235,644,203,142,272,964,499,621,615,995,323,1082,456,262,770,257,193,464,246,796,999,741,123,564,601,768,625,871,1090,890,334,910,407,441,880,347,817,877,978,303,915,6,399,159,1070,133,308,269,419,447,371,860,322,740,222,606,823,694,678,695,900,181,145,345,332,121,430,638,858,872,654,576,366,158,717,213,957,185,266,1087,591,1077,473,369,991,759,469,981,256,1079,319,33,449,1010,333,598,279,63,149,626,223,43,593,526,1091,62,562,893,766,1012,90,1016,365,492,1085,710,255,50,317,138,406,863,735,40,372,83,1063,113,258,906,853,1083,415,242,1034,1025,141,414,922,697,104,840,777,452,543,422,876,757,46,980,297,438,408,74,1001,302,1009,854,395,1048,772,180,1002,189,423,453,289,156,690,785,341,1043,996,1037,398,342,803,119,743,761,94,546,1062,109,177,814,781,960,234,326,628,582,881,679,404,565,992,681,101,916,410,515,583,437,243,478,503,442,13,1008,535,1057,620,212,575,630,545,711,1072,494,955,701,552,480,1011,454,780,923,700,313,1067,865,462,337,117,534,566,664,310,669,568,498,497,194,39,936,830], Cost: 0.190970, Feasible: {}
seed 75 ---> 54.300021401s seconds.

Seed: 63, Solution: Path: [302,920,627,637,73,93,1009,970,973,298,275,475,773,10,541,263,854,1048,772,180,1002,189,423,453,289,156,690,785,395,341,1043,996,1037,814,398,1062,342,803,743,119,109,177,781,960,234,326,628,565,404,582,679,881,535,1057,1008,13,442,503,478,243,437,515,410,583,916,620,101,681,212,575,545,630,498,497,194,830,936,39,568,669,310,664,566,534,117,337,462,865,711,1072,1067,313,700,923,780,454,1011,480,552,701,955,494,992,94,546,761,86,412,74,1001,408,438,297,980,46,757,876,422,543,452,777,840,104,697,231,1083,853,906,258,113,1063,83,372,50,317,138,406,863,735,40,69,943,792,346,470,52,940,203,142,272,1016,964,499,90,817,877,626,223,43,981,469,759,473,717,121,430,638,858,872,345,332,145,181,900,695,678,694,823,606,654,269,158,213,957,185,266,1087,369,991,256,1079,319,33,449,1010,333,598,279,63,149,526,6,399,915,978,303,1091,62,562,1012,893,766,347,621,615,995,880,441,407,910,334,1025,871,601,768,382,290,625,141,414,922,285,415,242,1034,890,1090,123,564,812,35,1046,796,999,741,323,1082,456,246,464,262,770,257,193,837,935,305,1060,358,650,895,848,433,839,280,400,574,924,281,79,111,508,519,899,1006,611,897,1022,797,484,844,95,829,639,719,832,233,278,9,463,1069,431,477,245,322,740,222,576,366,447,371,860,114,892,34,673,782,261,718,419,308,591,1077,133,1070,159,593,235,644,365,492,1085,710,255,722,1031,339,137,324,360,359,822,115,221,299,529,44,151,107,12,675,520], Cost: 0.190477, Feasible: {}


Seed: 38, Solution: Path: [871,625,290,382,768,601,812,35,1046,456,246,464,262,770,257,193,837,935,305,1060,358,650,718,261,782,673,34,892,477,245,322,740,222,606,823,694,678,695,900,181,145,332,345,872,858,638,121,430,654,717,158,576,366,447,371,860,114,848,433,839,280,400,574,924,463,281,79,111,508,519,899,1006,611,897,1022,797,484,844,95,829,639,719,832,233,278,9,1069,431,895,419,269,213,308,957,185,266,1087,591,1077,133,473,369,991,256,33,449,319,1079,759,469,981,279,1010,333,598,63,149,626,223,43,593,159,1070,399,6,915,303,978,526,877,235,52,470,69,943,792,346,940,365,492,1085,710,255,50,317,138,406,863,735,40,372,83,1063,113,258,906,853,1083,285,922,414,141,1025,334,890,1090,564,123,741,999,796,1082,323,995,499,1016,347,817,62,1091,562,893,766,1012,90,644,203,142,272,964,621,615,880,441,407,910,1034,242,415,231,697,104,840,777,452,543,422,876,757,46,980,297,438,408,1001,74,822,115,86,93,541,180,1002,772,773,10,263,475,275,298,973,970,73,637,627,920,412,221,299,529,359,360,137,339,1031,722,520,675,324,12,107,151,44,302,1009,854,1048,395,785,690,423,189,453,156,289,341,1043,996,1037,814,781,177,398,1062,109,342,803,119,743,761,546,94,992,494,955,701,552,480,1011,1072,1067,313,700,923,780,454,462,865,711,575,212,681,101,916,620,1057,478,503,442,535,881,679,582,234,960,326,628,565,404,1008,13,243,437,583,515,410,498,497,194,936,39,669,310,664,566,534,117,337,545,630,568,830], Cost: 0.189881, Feasible: {}
seed 38 ---> 35.09869441s seconds.


